9,22;10,22;11,22;11,21;11,20;11,19;11,18;11,17;11,16;11,15;11,14;11,13;12,13;12,12;12,11;12,10;11,10;10,10;9,10;8,10;7,10;6,10;6,10;;5,10;4,10;3,10;2,10;2,10;; true;
8,21;8,20;8,19;8,18;8,17;8,16;9,16;10,16;11,16;12,16;12,15;12,14;12,13;12,12;12,11;12,10;12,9;11,9;10,9;9,9;8,9;7,9;6,9;5,9;4,9;3,9;3,8;3,7;3,6;3,5;3,4;3,3;3,3;3,3;;2,3;2,3;;2,3;;2,3;; true;
8,21;8,20;8,19;8,18;8,17;8,16;8,15;8,14;9,14;10,14;11,14;12,14;12,13;12,12;12,11;12,10;13,10;14,10;15,10;15,11;15,11;;14,11;13,11;12,11;11,11;10,11;9,11;8,11;7,11;6,11;5,11;4,11;3,11;2,11;2,11;; true;
8,21;8,20;8,19;8,18;8,17;8,16;8,15;9,15;10,15;11,15;11,14;12,14;12,13;12,12;12,11;12,10;12,9;12,8;12,7;12,6;12,5;12,4;12,3;12,2;12,1;11,1;10,1;9,1;8,1;7,1;6,1;5,1;4,1;3,1;2,1;3,1;3,1;;3,1;3,2;3,3;3,4;3,5;3,6;3,7;3,8;3,9;3,10;3,11;2,11;2,11;; true;
9,22;10,22;11,22;12,22;12,21;12,20;12,19;12,18;12,17;12,16;12,15;12,14;12,13;12,12;12,11;12,10;12,9;12,8;12,9;11,9;10,9;9,9;8,9;7,9;6,9;5,9;4,9;3,9;2,9;2,10;3,10;4,10;5,10;6,10;7,10;8,10;9,10;10,10;11,10;12,10;13,10;14,10;15,10;15,10;15,10;;15,9;15,9;14,9;13,9;12,9;11,9;10,9;9,9;8,9;7,9;6,9;5,9;4,9;3,9;2,9;2,10;2,10;; true;
8,21;8,20;8,19;8,18;8,17;8,16;9,16;10,16;11,16;11,15;11,14;11,13;12,13;13,13;14,13;15,13;16,13;17,13;18,13;19,13;20,13;21,13;22,13;23,13;24,13;25,13;26,13;26,12;26,11;26,10;26,9;26,8;26,7;25,7;24,7;23,7;22,7;21,7;20,7;19,7;19,6;19,5;19,4;19,3;19,3;; true;
9,22;9,21;9,20;9,19;10,19;11,19;11,18;12,18;12,17;12,16;12,15;12,14;12,13;12,12;12,11;12,10;11,10;10,10;9,10;9,9;9,8;8,8;7,8;6,8;6,7;6,6;7,6;7,5;6,5;5,5;4,5;4,4;4,3;4,2;3,2;3,1;2,1;3,1;3,1;;3,2;3,3;3,4;3,5;3,6;3,7;3,8;3,9;4,9;5,9;4,9;5,9;6,9;5,9;4,9;3,9;2,9;2,10;3,10;3,9;2,9;2,10;2,10;; true;
8,21;8,20;8,19;8,18;8,17;8,16;9,16;10,16;11,16;12,16;12,15;12,14;13,14;14,14;13,14;12,14;12,13;12,12;12,11;12,10;13,10;14,10;15,10;15,11;15,11;;14,11;13,11;12,11;11,11;10,11;9,11;8,11;7,11;6,11;5,11;4,11;3,11;2,11;2,11;; true;
8,21;8,20;8,19;8,18;8,17;8,16;9,16;10,16;11,16;12,16;13,16;14,16;15,16;14,16;13,16;12,16;12,15;12,14;12,13;12,12;12,11;12,10;12,9;12,8;12,7;12,6;12,5;11,5;10,5;9,5;8,5;7,5;6,5;5,5;4,5;3,5;3,4;3,3;3,2;3,1;3,2;3,2;; true;
8,21;8,20;8,19;8,18;8,17;8,16;8,15;9,15;10,15;11,15;11,14;11,13;12,13;12,12;12,11;12,10;12,9;11,9;12,9;13,9;13,10;14,10;14,10;;13,10;14,10;14,10;13,10;12,10;11,10;10,10;9,10;8,10;7,10;6,10;5,10;4,10;3,10;2,10;2,9;2,8;2,7;2,6;2,5;2,4;2,3;2,2;2,1;3,1;2,1;2,2;2,3;2,2;2,1;3,1;3,1;;4,1;5,1;6,1;6,2;6,3;6,4;6,5;6,6;6,7;6,8;7,8;8,8;9,8;10,8;11,8;12,8;13,8;13,8;;12,8;11,8;10,8;9,8;8,8;7,8;6,8;5,8;4,8;3,8;2,8;2,7;2,6;2,5;2,4;2,3;2,3;; true;
7,22;6,22;6,23;6,24;6,25;7,25;8,25;9,25;10,25;11,25;11,26;12,26;13,26;14,26;15,26;16,26;17,26;18,26;19,26;20,26;21,26;22,26;23,26;24,26;25,26;26,26;27,26;28,26;29,26;29,25;29,24;29,23;29,22;29,22;;29,22;29,23;29,22;29,21;29,22;29,23;29,24;29,25;29,26;28,26;27,26;26,26;25,26;24,26;23,26;22,26;22,25;21,25;20,25;19,25;19,24;20,24;19,24;20,24;21,24;21,24;;20,24;19,24;19,24;; true;
8,21;8,20;7,20;6,20;7,20;8,20;9,20;9,20;;9,19;9,18;9,17;9,16;10,16;11,16;11,15;11,14;11,13;10,13;9,13;8,13;7,13;6,13;5,13;4,13;3,13;2,13;2,13;; true;
8,21;8,20;8,19;8,18;8,17;8,16;8,15;8,14;8,13;9,13;10,13;11,13;12,13;12,12;12,11;12,10;12,9;12,8;12,7;12,6;12,5;12,4;12,3;11,3;10,3;9,3;8,3;7,3;6,3;5,3;4,3;3,3;2,3;3,3;3,3;; true;
8,21;8,20;8,19;8,18;8,17;8,16;8,15;9,15;10,15;11,15;11,14;11,13;12,13;12,12;12,11;12,10;12,9;12,8;13,8;14,8;14,8;;13,8;12,8;11,8;10,8;9,8;8,8;7,8;7,7;7,6;7,5;7,4;7,3;7,2;7,1;7,1;;7,2;7,3;7,4;7,5;7,6;7,7;7,8;8,8;9,8;9,9;9,10;9,11;10,11;9,11;8,11;7,11;6,11;6,11;;7,11;8,11;7,11;8,11;8,11;;7,11;6,11;5,11;4,11;4,11;4,11;;3,11;3,11;;4,11;5,11;5,11;;6,11;7,11;8,11;9,11;10,11;11,11;12,11;13,11;14,11;15,11;15,11;15,10;15,9;15,8;15,7;15,6;15,6;15,6;15,6;;15,6;15,6;15,6;15,6;14,6;13,6;12,6;11,6;11,7;11,8;11,9;10,9;10,10;10,11;10,10;10,9;11,9;12,9;12,10;12,11;12,12;12,13;12,14;11,14;10,14;9,14;8,14;7,14;6,14;5,14;4,14;3,14;2,14;2,13;2,13;; true;
9,22;10,22;11,22;12,22;12,21;12,20;12,19;12,18;12,17;12,16;12,15;12,14;12,13;12,12;12,11;12,10;12,9;12,8;12,7;12,6;11,6;10,6;9,6;8,6;7,6;6,6;6,5;6,4;6,3;6,2;6,1;6,1;;7,1;7,1;;7,1;7,2;7,3;7,4;7,5;7,6;7,7;7,8;7,9;6,9;5,9;4,9;3,9;2,9;2,9;; true;
9,22;10,22;10,21;10,20;10,19;10,18;10,17;10,16;10,15;10,14;10,13;11,13;12,13;12,12;12,11;12,10;12,9;12,8;12,7;11,7;10,7;9,7;8,7;7,7;6,7;5,7;4,7;3,7;2,7;2,8;2,9;2,10;3,10;4,10;5,10;6,10;7,10;8,10;9,10;10,10;11,10;12,10;13,10;14,10;15,10;15,10;;14,10;13,10;12,10;11,10;10,10;9,10;8,10;7,10;6,10;5,10;4,10;3,10;2,10;2,9;2,8;2,7;2,6;2,5;2,4;2,3;2,2;2,1;2,2;2,2;; true;
8,21;8,20;8,19;8,18;8,17;8,18;9,18;10,18;10,17;10,16;10,15;10,14;11,14;12,14;13,14;14,14;14,13;15,13;16,13;17,13;18,13;19,13;20,13;21,13;22,13;23,13;24,13;25,13;26,13;26,12;26,11;26,10;25,10;24,10;23,10;23,10;;24,10;25,10;25,11;24,11;23,11;22,11;21,11;20,11;19,11;18,11;18,10;18,9;18,8;19,8;19,7;19,6;19,5;19,4;19,3;18,3;18,2;18,1;19,1;19,1;; true;
8,21;8,20;8,19;8,18;8,17;8,16;9,16;10,16;11,16;12,16;12,15;12,14;12,13;12,12;12,11;12,10;12,9;12,8;13,8;14,8;15,8;15,8;;14,8;13,8;12,8;12,9;12,10;12,11;12,12;12,13;13,13;14,13;15,13;16,13;17,13;18,13;19,13;20,13;21,13;22,13;23,13;24,13;25,13;26,13;26,12;26,11;26,10;26,9;26,8;27,8;28,8;29,8;30,8;30,8;;29,8;28,8;27,8;26,8;25,8;24,8;23,8;22,8;21,8;20,8;19,8;18,8;18,8;; true;
8,21;8,20;8,19;8,18;9,18;10,18;11,18;11,17;11,16;12,16;12,15;12,14;12,13;12,12;12,11;12,10;12,9;12,8;12,7;12,6;12,5;12,4;11,4;10,4;9,4;8,4;7,4;6,4;5,4;4,4;3,4;3,3;3,2;3,2;; true;
8,21;8,20;8,19;8,18;8,17;9,17;10,17;11,17;11,16;11,15;11,14;11,13;12,13;12,12;12,11;12,10;12,9;12,8;12,7;12,6;11,6;10,6;9,6;8,6;8,5;7,5;7,6;8,6;8,6;;7,6;6,6;5,6;4,6;3,6;2,6;2,7;2,8;2,9;2,10;2,11;3,11;4,11;5,11;4,11;3,11;2,11;2,11;; true;
9,22;9,21;9,20;9,19;9,18;9,17;9,16;9,15;9,14;10,14;11,14;11,13;12,13;12,12;12,11;12,10;13,10;14,10;14,10;;13,10;12,10;11,10;10,10;9,10;8,10;7,10;6,10;5,10;4,10;3,10;2,10;2,10;; true;
8,21;8,20;8,19;8,18;9,18;9,17;9,16;10,16;10,15;10,14;11,14;11,13;12,13;12,12;12,11;12,10;13,10;14,10;14,10;;13,10;12,10;11,10;10,10;9,10;8,10;7,10;6,10;5,10;4,10;3,10;2,10;2,9;2,8;2,7;2,6;2,5;2,4;2,3;2,3;; true;
8,21;8,20;8,19;8,18;8,17;9,17;9,16;10,16;11,16;12,16;12,15;12,14;12,13;12,12;12,11;12,10;12,9;12,8;12,7;12,6;12,5;12,4;12,3;12,2;12,1;11,1;10,1;10,2;9,2;8,2;7,2;6,2;5,2;5,3;4,3;3,3;3,3;; true;
9,22;10,22;11,22;12,22;12,21;12,20;12,19;12,18;12,17;12,16;12,15;12,14;12,13;12,12;12,11;12,10;12,9;12,8;12,7;12,6;12,5;12,4;12,3;12,2;12,1;11,1;10,1;9,1;8,1;7,1;6,1;5,1;4,1;3,1;2,1;2,1;;2,2;3,2;3,2;; true;
8,21;8,20;8,19;8,18;9,18;10,18;11,18;12,18;12,17;12,16;12,15;12,14;12,13;12,12;12,11;12,10;12,9;12,8;13,8;14,8;14,8;;13,8;12,8;11,8;10,8;9,8;8,8;7,8;6,8;5,8;4,8;3,8;2,8;2,7;2,6;2,5;2,4;2,3;2,2;2,1;3,1;2,1;2,2;2,2;; true;
8,21;8,20;8,19;9,19;10,19;11,19;11,18;11,17;11,16;11,15;11,14;11,13;12,13;12,12;12,11;12,10;12,9;12,8;12,7;11,7;10,7;9,7;8,7;7,7;6,7;5,7;4,7;3,7;2,7;2,6;2,5;2,4;2,3;3,3;3,3;; true;
9,22;10,22;10,21;10,20;10,19;10,18;11,18;11,17;11,16;11,15;12,15;12,14;12,13;12,12;12,11;12,10;12,9;12,8;12,7;11,7;10,7;9,7;8,7;7,7;6,7;5,7;4,7;3,7;2,7;3,7;3,6;3,5;3,4;3,3;2,3;3,3;3,3;; true;
8,21;8,20;8,19;8,18;8,17;8,16;8,15;9,15;10,15;11,15;11,14;11,13;12,13;12,12;12,11;12,10;12,9;11,9;10,9;9,9;8,9;7,9;6,9;5,9;4,9;3,9;2,9;3,9;4,9;3,9;3,8;3,7;3,6;3,5;3,4;3,3;3,2;3,2;;2,2;2,2;; true;
9,22;10,22;10,21;10,20;10,19;10,18;10,17;10,16;10,15;11,15;11,14;11,13;12,13;12,12;12,11;12,10;12,9;11,9;10,9;9,9;8,9;7,9;6,9;5,9;4,9;3,9;2,9;2,8;2,7;2,6;2,5;2,4;2,3;2,2;2,1;3,1;2,1;3,1;2,1;2,1;;2,2;2,3;3,3;2,3;3,3;3,3;; true;
8,21;9,21;9,20;9,19;9,18;9,17;10,17;10,16;10,15;10,14;10,13;11,13;12,13;12,12;12,11;12,10;12,9;12,8;12,7;12,6;13,6;13,5;13,4;13,3;13,2;14,2;15,2;15,3;15,3;15,2;15,1;15,2;15,3;15,3;;15,4;15,5;15,6;15,7;15,8;15,9;15,10;15,10;;15,10;14,10;13,10;12,10;11,10;11,9;10,9;10,8;10,7;10,6;10,5;10,4;10,3;10,2;10,1;9,1;8,1;7,1;7,2;7,3;7,4;7,5;7,6;7,7;7,8;7,9;7,10;6,10;5,10;4,10;3,10;2,10;2,10;; true;
8,21;9,21;10,21;11,21;11,20;11,19;11,18;11,17;11,16;12,16;12,15;12,14;12,13;12,12;12,11;11,11;10,11;10,10;9,10;8,10;7,10;7,10;;8,10;9,10;10,10;11,10;12,10;12,10;;11,10;10,10;9,10;8,10;7,10;6,10;5,10;4,10;3,10;2,10;2,10;; true;
8,21;8,20;8,19;9,19;9,18;9,17;9,16;10,16;10,15;10,14;10,13;11,13;12,13;12,12;12,11;12,10;12,9;11,9;10,9;9,9;8,9;7,9;6,9;5,9;4,9;3,9;2,9;2,8;2,7;2,6;2,5;2,4;2,3;2,2;2,1;3,1;4,1;3,1;2,1;3,1;3,1;;4,1;5,1;5,2;5,3;5,4;5,5;5,6;5,7;5,8;5,9;5,10;5,11;6,11;7,11;8,11;9,11;10,11;11,11;12,11;13,11;14,11;15,11;15,11;15,11;14,11;13,11;13,12;13,13;13,14;14,14;15,14;16,14;17,14;18,14;19,14;20,14;21,14;22,14;23,14;24,14;25,14;26,14;27,14;28,14;29,14;30,14;29,14;28,14;27,14;27,13;27,12;27,11;26,11;25,11;24,11;23,11;22,11;22,10;22,9;22,8;22,7;22,6;22,5;22,4;22,3;22,2;22,1;21,1;20,1;20,1;;20,2;19,2;18,2;18,3;18,3;; true;
8,21;8,20;8,19;8,18;8,17;8,16;9,16;10,16;11,16;11,15;11,14;11,13;12,13;12,12;12,11;12,10;13,10;14,10;14,10;;13,10;12,10;11,10;10,10;9,10;8,10;7,10;6,10;5,10;4,10;3,10;2,10;2,10;; true;
9,22;9,21;9,20;9,19;9,18;9,17;9,16;9,15;9,14;9,13;10,13;11,13;12,13;12,12;12,11;12,10;12,9;11,9;10,9;9,9;8,9;7,9;7,8;7,7;7,6;7,6;7,6;;6,6;5,6;4,6;3,6;2,6;3,6;3,6;;4,6;5,6;6,6;7,6;8,6;9,6;10,6;11,6;12,6;13,6;13,5;13,4;13,3;13,2;13,1;14,1;14,1;;13,1;12,1;11,1;10,1;9,1;8,1;7,1;7,1;;6,1;5,1;5,2;4,2;3,2;2,2;3,2;3,2;; true;
9,22;10,22;10,21;10,20;10,19;10,18;10,17;10,16;11,16;11,15;12,15;12,14;12,13;12,12;12,11;12,10;12,9;11,9;10,9;9,9;8,9;7,9;6,9;5,9;4,9;3,9;3,9;; true;
8,21;8,20;8,19;8,18;8,17;8,16;9,16;10,16;11,16;11,15;11,14;11,13;12,13;12,12;12,11;12,10;12,9;12,8;11,8;10,8;9,8;8,8;7,8;6,8;5,8;4,8;3,8;2,8;2,7;2,6;2,5;2,4;2,3;3,3;3,3;; true;
8,21;8,20;8,19;8,18;8,17;9,17;10,17;11,17;11,16;11,15;11,14;11,13;12,13;12,12;12,11;12,10;12,10;; true;
8,21;8,20;8,19;8,18;8,17;8,16;8,15;8,14;8,13;9,13;10,13;11,13;12,13;12,12;12,11;12,10;13,10;14,10;14,10;14,10;;14,11;13,12;13,12;12,12;12,13;12,13;12,13;; true;
9,22;10,22;10,21;10,20;10,19;10,18;10,17;10,16;10,15;10,14;11,14;11,13;12,13;12,12;12,11;12,10;12,10;; true;
8,21;8,20;8,19;8,18;8,17;8,16;8,15;9,15;9,14;10,14;11,14;12,14;12,13;12,12;12,11;12,10;12,9;12,9;;12,10;11,10;11,10;; true;
8,21;8,20;8,19;8,18;9,18;10,18;11,18;11,17;11,16;11,15;11,14;11,13;12,13;12,12;12,11;12,10;13,10;12,10;12,10;; true;
8,21;8,20;8,19;8,18;8,17;9,17;10,17;11,17;11,16;11,15;11,14;11,13;12,13;12,12;12,11;12,10;12,9;12,8;12,7;12,6;12,5;11,5;10,5;9,5;8,5;8,4;8,3;8,2;8,1;8,1;; false;
8,21;8,20;8,19;8,18;8,17;8,16;8,15;8,14;8,13;9,13;10,13;11,13;12,13;12,12;12,11;12,10;12,10;; true;
8,21;9,21;10,21;10,20;10,19;10,18;10,17;11,17;11,16;11,15;11,14;12,14;12,13;12,12;12,11;12,10;11,10;11,9;11,9;; false;
8,21;8,20;8,19;8,18;8,17;8,16;8,15;8,14;8,13;9,13;10,13;11,13;12,13;12,12;12,11;12,10;12,9;12,8;13,8;14,8;14,8;; false;
8,21;8,20;8,19;8,18;8,17;8,16;8,15;8,14;8,13;9,13;10,13;11,13;12,13;12,12;12,11;12,10;11,10;12,10;12,10;; true;
8,21;8,20;8,19;8,18;8,17;8,16;8,15;9,15;10,15;11,15;12,15;12,14;12,13;12,12;12,11;12,10;12,9;12,8;12,9;12,10;13,10;14,10;15,10;14,10;13,10;12,10;12,10;; true;
8,21;8,20;8,19;8,18;8,17;8,16;8,15;8,14;9,14;10,14;11,14;12,14;12,13;12,12;12,11;12,10;12,9;12,10;12,9;12,10;12,9;12,10;12,9;12,9;;11,9;11,10;11,10;; true;
8,21;8,20;8,19;8,18;9,18;9,17;10,17;10,16;10,15;11,15;11,14;11,13;12,13;12,12;12,11;12,10;12,9;12,9;;12,10;11,10;11,10;; true;
8,21;8,20;8,19;8,18;8,17;8,16;9,16;10,16;11,16;12,16;12,15;12,14;12,13;12,12;12,11;12,10;12,9;12,8;12,9;12,10;12,10; true;
8,21;8,20;8,19;8,18;8,17;8,16;9,16;9,15;9,14;10,14;11,14;12,14;12,13;12,12;12,11;12,11;; true;
8,21;8,20;8,19;8,18;8,17;8,16;9,16;10,16;10,15;11,15;11,14;12,14;12,13;13,13;13,12;12,12;13,12;13,11;13,10;12,10;12,10;; true;
8,21;8,20;8,19;8,18;8,17;8,16;9,16;10,16;11,16;12,16;12,15;12,14;12,13;12,12;12,11;12,10;12,10;; true;
8,21;8,20;8,19;8,18;8,17;8,16;8,15;8,14;8,13;8,13;; false;
8,21;8,20;8,19;8,18;8,17;9,17;10,17;11,17;11,16;11,15;11,14;11,13;12,13;12,12;12,11;12,10;12,10;; true;
8,21;8,20;8,19;8,18;8,17;8,16;8,15;8,14;8,13;8,13;;9,13;10,13;11,13;11,14;11,13;12,13;12,14;12,14;; true;
8,21;8,20;8,19;8,18;8,17;8,16;9,16;10,16;11,16;11,15;11,14;11,13;12,13;12,12;12,11;12,10;12,9;12,8;11,8;10,8;9,8;8,8;7,8;6,8;5,8;4,8;3,8;2,8;2,7;2,6;2,5;2,4;2,3;2,2;2,1;2,2;2,2;; true;
9,22;9,21;9,20;9,19;9,18;9,17;9,16;9,15;10,15;11,15;12,15;12,14;12,13;12,12;12,11;12,10;12,9;12,8;12,7;11,7;10,7;9,7;8,7;7,7;6,7;5,7;4,7;3,7;3,6;3,5;3,4;3,3;3,3;;4,3;5,3;6,3;6,4;6,5;6,6;6,7;7,7;8,7;9,7;10,7;10,8;10,9;11,9;12,9;12,9;; false;
8,21;8,20;8,19;8,18;8,17;9,17;10,17;11,17;11,16;11,15;11,14;11,13;12,13;12,12;12,11;12,10;12,10;; true;
8,21;8,20;8,19;8,18;8,17;8,16;9,16;10,16;11,16;11,15;11,14;11,13;12,13;12,12;12,11;12,10;12,9;12,8;12,7;11,7;10,7;9,7;8,7;8,6;8,5;8,4;8,3;8,2;8,1;7,1;6,1;5,1;4,1;3,1;2,1;3,1;2,1;2,1;; false;
8,21;8,20;8,19;8,18;8,17;8,16;8,15;9,15;10,15;11,15;12,15;12,14;12,13;12,12;12,11;12,10;13,10;13,10;;13,11;13,12;13,11;12,11;11,11;11,11;; true;
9,22;10,22;10,21;10,20;10,19;10,18;10,17;10,16;10,15;10,14;11,14;12,14;12,13;12,12;12,11;12,10;12,10;; true;
9,22;10,22;10,21;10,20;10,19;10,18;10,17;10,16;11,16;11,15;11,14;11,13;12,13;12,12;12,11;12,10;12,9;11,9;11,9;; false;
8,21;8,20;8,19;8,18;8,17;9,17;10,17;11,17;11,16;11,15;11,14;11,13;12,13;12,12;12,11;12,10;12,9;12,8;12,7;12,8;12,9;12,10;12,10;; true;
8,21;8,20;8,19;8,18;8,17;8,16;9,16;10,16;11,16;12,16;12,15;12,14;12,13;12,12;12,11;12,10;11,10;11,10;;12,10;11,10;11,10;; true;
8,21;8,20;8,19;8,18;8,17;8,16;8,15;8,14;8,13;8,13;;9,13;10,13;11,13;12,13;13,13;13,13;; false;
8,21;8,20;8,19;8,18;9,18;10,18;11,18;11,17;11,16;11,15;11,14;11,13;12,13;12,12;12,11;12,10;12,9;12,8;12,8;; false;
8,21;8,20;8,19;8,18;9,18;9,17;9,16;9,15;10,15;10,14;11,14;11,13;12,13;12,12;12,11;12,10;11,10;12,10;12,10;; true;
8,21;9,21;10,21;10,20;10,19;10,18;10,17;10,16;11,16;12,16;12,15;12,14;12,13;12,12;12,11;12,10;11,10;11,9;10,9;10,9;;11,9;10,9;11,9;10,9;10,10;11,10;11,10;; true;
8,21;8,20;8,19;8,18;8,17;9,17;10,17;11,17;11,16;11,15;11,14;11,13;12,13;12,12;12,11;12,10;12,10;; true;
8,21;8,20;8,19;8,18;8,17;9,17;10,17;11,17;11,16;11,15;11,14;11,13;12,13;12,12;12,11;12,10;12,11;12,11;;11,11;11,10;11,10;; true;
8,21;8,20;8,19;9,19;10,19;10,18;10,17;10,16;10,15;11,15;12,15;12,14;12,13;12,12;12,11;12,10;12,10;; true;
9,22;10,22;11,22;11,21;11,20;11,19;11,18;11,17;11,16;11,15;12,15;12,14;12,13;12,12;12,11;12,10;12,9;11,9;10,9;10,10;11,10;12,10;12,10;; true;
9,22;10,22;11,22;11,21;11,20;11,19;11,18;11,17;11,16;11,15;11,14;12,14;13,14;13,13;13,12;13,11;13,10;12,10;12,10;; true;
8,21;8,20;8,19;8,18;8,17;8,16;8,15;8,14;8,13;9,13;10,13;11,13;12,13;13,13;13,12;13,11;14,11;14,10;13,10;13,9;12,9;12,10;13,10;13,10;;12,10;11,10;11,9;12,9;12,10;11,10;11,10;; true;
8,21;8,20;8,19;8,18;8,17;8,16;8,15;8,14;9,14;10,14;11,14;11,13;12,13;12,12;12,11;12,10;13,10;12,10;12,10;; true;
9,22;10,22;11,22;12,22;12,21;12,20;12,19;12,18;12,17;12,16;12,15;12,14;12,13;12,12;12,11;12,10;12,10;; true;
9,22;10,22;11,22;12,22;12,21;12,20;12,19;12,18;12,17;12,16;12,15;12,14;12,13;12,12;12,11;11,11;11,10;11,11;11,11;;11,10;11,10;;10,10;9,10;9,10;; true;
8,21;8,20;8,19;8,18;8,17;8,16;9,16;10,16;11,16;12,16;12,15;12,14;12,13;12,12;12,11;12,10;11,10;12,10;11,10;10,10;9,10;8,10;7,10;6,10;5,10;4,10;3,10;2,10;2,9;2,8;2,7;2,6;2,5;2,4;2,3;2,2;2,1;3,1;3,1;;4,1;5,1;6,1;7,1;7,1;;7,2;7,3;7,4;7,5;7,6;7,7;7,8;7,9;8,9;9,9;10,9;10,10;10,10;;10,9;10,8;10,7;10,6;9,6;8,6;7,6;6,6;5,6;5,5;5,4;5,3;5,2;5,1;5,1;;5,2;5,3;5,4;5,5;5,6;5,7;5,8;5,9;6,9;7,9;8,9;9,9;8,9;8,10;8,11;7,11;6,11;5,11;4,11;4,11;;5,11;6,11;7,11;8,11;9,11;10,11;11,11;12,11;13,11;14,11;15,11;15,11;15,10;15,9;15,9;;15,9;14,9;14,10;14,11;13,12;14,11;13,11;12,11;11,11;10,11;9,11;8,11;7,11;6,11;6,10;6,9;6,8;6,7;6,6;6,5;6,4;6,3;6,2;6,1;5,1;4,1;3,1;2,1;2,1;;3,1;4,1;5,1;6,1;6,1;;6,2;6,3;6,2;6,1;5,1;5,1;;5,2;5,3;5,4;5,5;5,6;5,7;5,8;6,8;7,8;8,8;9,8;10,8;10,8;;9,8;8,8;7,8;7,9;7,10;7,11;8,11;9,11;10,11;11,11;12,11;13,11;14,11;15,11;15,11;15,11;15,10;15,9;15,8;15,7;15,6;15,5;15,4;15,3;15,2;15,1;14,1;13,1;12,1;12,1;;12,2;12,3;12,4;12,5;12,6;12,7;12,8;13,8;14,8;15,8;15,8;15,8;;15,8;14,8;13,8;12,8;11,8;10,8;9,8;8,8;7,8;6,8;5,8;4,8;3,8;2,8;3,8;4,8;5,8;6,8;7,8;8,8;9,8;10,8;9,8;9,9;9,10;9,11;10,11;9,11;8,11;7,11;6,11;5,11;4,11;3,11;2,11;3,11;4,11;5,11;6,11;7,11;8,11;8,10;8,9;8,8;8,7;8,6;8,5;8,4;8,3;8,2;8,1;9,1;8,1;7,1;6,1;5,1;4,1;3,1;2,1;3,1;3,1;;4,1;5,1;6,1;7,1;6,1;5,1;4,1;3,1;2,1;3,1;3,1;;3,2;3,3;3,4;3,5;3,6;3,7;3,8;3,9;4,9;5,9;6,9;7,9;8,9;9,9;10,9;11,9;11,10;11,10;; true;
8,21;8,20;8,19;8,18;8,17;9,17;10,17;11,17;11,16;11,15;11,14;11,13;12,13;12,12;12,11;12,10;12,10;; true;
8,21;8,20;8,19;8,18;8,17;8,16;8,15;9,15;10,15;11,15;11,14;11,13;12,13;12,12;12,11;12,10;12,9;12,8;12,7;12,6;11,6;10,6;9,6;8,6;7,6;6,6;5,6;4,6;3,6;2,6;2,5;2,4;2,3;2,2;2,1;3,1;2,1;3,1;3,2;3,3;2,3;3,3;3,2;3,1;2,1;3,1;3,1;;3,2;3,3;3,4;3,5;3,6;3,7;3,8;3,9;4,9;5,9;6,9;7,9;8,9;9,9;10,9;10,10;11,10;11,9;10,9;10,9;;11,9;10,9;9,9;8,9;9,9;10,9;11,9;12,9;12,8;12,8;;12,7;12,6;12,5;12,4;12,3;12,2;13,2;14,2;15,2;15,1;15,1;15,1;14,1;13,1;12,1;12,1;;12,2;12,3;12,4;12,5;12,6;12,7;12,8;12,9;13,9;14,9;15,9;14,9;14,9;;14,9;;14,8;15,8;15,8;;14,8;13,8;12,8;12,9;12,10;12,9;12,10;12,9;12,9;;12,10;11,10;11,10;; true;
9,22;9,21;9,20;9,19;9,18;9,17;9,16;10,16;11,16;12,16;12,15;12,14;12,13;12,12;12,11;12,10;12,11;12,12;12,13;12,14;12,15;12,14;12,13;12,12;12,11;12,10;12,10;;12,9;12,8;12,7;12,6;12,5;12,4;13,4;14,4;15,4;15,3;15,2;15,1;15,1;15,1;14,1;13,1;12,1;11,1;10,1;9,1;8,1;7,1;6,1;5,1;5,1;;6,1;7,1;8,1;9,1;8,1;8,2;8,3;8,4;8,5;8,6;9,6;10,6;11,6;12,6;13,6;14,6;15,6;15,7;15,8;15,9;15,9;; true;
8,21;8,20;8,19;8,18;8,17;8,16;9,16;10,16;11,16;11,15;11,14;12,14;12,13;12,12;12,11;12,10;12,9;11,9;12,9;11,9;11,9;;11,10;11,10;; true;
8,21;8,20;8,19;8,18;8,17;8,16;8,15;8,14;8,13;9,13;10,13;11,13;12,13;13,13;12,13;12,12;12,11;12,10;12,9;12,8;12,7;12,8;12,9;12,10;12,11;12,10;12,9;11,9;11,10;11,10;;12,10;11,10;11,10;; true;
8,21;8,20;8,19;8,18;8,17;8,16;9,16;10,16;11,16;12,16;12,15;12,14;12,13;12,12;12,11;12,10;12,10;; true;
8,21;8,20;8,19;8,18;9,18;10,18;10,17;10,16;10,15;11,15;12,15;12,14;12,13;12,12;12,11;12,10;12,10;; true;
8,21;8,20;8,19;8,18;8,17;8,16;9,16;10,16;11,16;12,16;12,15;12,14;12,13;12,12;12,11;12,10;12,10;; true;
9,22;10,22;10,21;10,20;10,19;10,18;10,17;10,16;10,15;11,15;11,14;11,13;12,13;12,12;12,11;12,10;12,10;; true;
9,22;10,22;11,22;11,21;11,20;11,19;11,18;11,17;11,16;11,15;11,14;11,13;12,13;12,12;12,11;12,10;12,9;12,8;13,8;14,8;14,8;;13,8;12,8;11,8;10,8;10,9;10,10;11,10;12,10;11,10;11,10;; true;
8,21;8,20;8,19;8,18;9,18;10,18;10,17;10,16;10,15;11,15;12,15;12,14;12,13;12,12;12,11;12,10;12,9;11,9;10,9;9,9;8,9;7,9;6,9;5,9;4,9;3,9;2,9;2,8;2,7;2,6;2,5;2,4;3,4;3,3;3,3;;4,3;5,3;6,3;6,4;6,5;6,6;6,7;6,8;6,9;6,10;7,10;8,10;9,10;10,10;11,10;10,10;10,10;;10,10;; true;
8,21;8,20;8,19;8,18;8,17;8,16;9,16;10,16;11,16;12,16;12,15;12,14;12,13;12,12;12,11;12,10;12,10;; true;
8,21;8,20;8,19;8,18;8,17;9,17;10,17;11,17;11,16;11,15;11,14;11,13;12,13;12,12;12,11;12,10;12,10;; true;
9,22;9,21;9,20;10,20;10,19;10,18;10,17;10,16;11,16;11,15;11,14;12,14;12,13;12,12;12,11;12,10;12,10;;11,10;10,10;11,10;10,10;10,10;; true;
8,21;8,20;8,19;8,18;8,17;9,17;10,17;11,17;11,16;11,15;11,14;12,14;12,13;12,12;12,11;12,10;12,9;12,8;11,8;10,8;9,8;8,8;8,7;8,6;8,5;8,4;8,3;8,2;8,1;8,1;;8,2;8,3;8,4;8,5;8,6;8,7;8,8;9,8;10,8;11,8;12,8;13,8;13,8;;13,7;13,6;12,6;11,6;10,6;9,6;8,6;7,6;7,5;7,4;7,3;7,2;6,2;6,1;6,1;;6,2;6,3;6,4;7,4;8,4;9,4;10,4;11,4;12,4;13,4;13,5;12,5;11,5;10,5;10,4;10,3;10,2;10,1;10,1;;9,1;8,1;8,2;9,2;9,2;; true;
8,21;8,20;8,19;8,18;8,17;8,16;9,16;10,16;11,16;11,15;11,14;11,13;12,13;12,12;12,11;12,10;12,10;; true;
8,21;8,20;8,19;8,18;8,17;8,16;9,16;10,16;11,16;11,15;11,14;11,13;12,13;12,12;12,11;12,10;12,9;12,8;11,8;10,8;9,8;8,8;8,7;8,6;8,7;8,8;9,8;10,8;11,8;12,8;13,8;14,8;14,8;;13,8;12,8;11,8;11,9;11,10;10,10;11,10;11,10;; true;
8,21;8,20;8,19;8,18;8,17;8,16;9,16;9,15;9,14;9,13;10,13;11,13;12,13;12,12;12,11;12,10;13,10;14,10;13,10;12,10;12,10;12,10;; true;
8,21;8,20;8,19;8,18;8,17;9,17;10,17;10,16;10,15;11,15;11,14;11,13;12,13;11,13;12,13;12,12;12,11;12,10;12,10;; true;
8,21;8,20;8,19;8,18;9,18;9,17;9,16;9,15;10,15;11,15;11,14;11,13;12,13;12,12;12,11;12,10;12,10;; true;
8,21;8,20;8,19;8,18;9,18;10,18;10,17;10,16;11,16;12,16;12,15;12,14;12,13;12,12;12,11;12,10;12,9;12,8;12,7;12,6;12,5;12,4;11,4;11,5;11,5;;11,6;11,7;11,8;10,8;10,9;10,10;10,9;11,9;10,9;10,8;10,8;;10,9;11,9;10,9;10,10;10,10;; true;
8,21;8,20;9,20;9,19;9,18;9,17;9,16;10,16;11,16;12,16;12,15;12,14;12,13;12,12;12,11;12,10;12,9;13,9;13,9;;13,8;13,8;;12,8;13,8;13,7;13,7;;13,8;13,9;12,9;11,9;10,9;10,9;;10,10;9,10;9,10;; true;
8,21;8,20;9,20;9,19;9,18;9,17;10,17;10,16;11,16;11,15;11,14;11,13;12,13;13,13;13,12;12,12;12,11;12,10;12,10;; true;
8,21;8,20;9,20;9,19;9,18;9,17;10,17;11,17;11,16;11,15;11,14;12,14;12,13;12,12;12,11;12,11;;12,10;11,10;10,10;11,10;11,9;10,9;10,10;11,10;11,10;; true;
8,21;8,20;8,19;8,18;8,17;9,17;10,17;10,16;10,15;10,14;10,13;11,13;12,13;12,12;12,11;12,10;12,9;11,9;11,9;;11,10;11,10;; true;
8,21;8,20;8,19;8,18;8,17;8,16;9,16;10,16;11,16;11,15;11,14;11,13;12,13;12,12;12,11;12,10;12,10;; true;
9,22;9,21;9,20;10,20;11,20;11,19;11,18;12,18;12,17;12,16;12,15;12,14;12,13;12,12;12,11;12,10;11,10;12,10;12,10;; true;
8,21;8,20;8,19;8,18;8,17;9,17;10,17;10,16;10,15;11,15;12,15;12,14;12,13;12,12;12,11;12,10;12,10;; true;
9,22;10,22;10,21;10,20;10,19;10,18;10,17;10,16;10,15;10,14;11,14;12,14;12,13;12,12;12,11;12,10;12,10;; true;
8,21;8,20;8,19;8,18;8,17;8,16;8,15;9,15;10,15;11,15;12,15;12,14;12,13;12,12;12,11;12,10;12,9;12,8;12,7;12,6;12,5;11,5;10,5;9,5;8,5;7,5;6,5;5,5;4,5;3,5;2,5;2,4;2,3;2,3;;3,3;4,3;5,3;6,3;6,2;6,1;6,1;; true;
8,21;8,20;8,19;9,19;9,18;9,17;10,17;10,16;10,15;10,14;11,14;12,14;12,13;12,12;12,11;11,11;10,11;10,10;9,10;10,10;9,10;9,10;;10,10;9,10;9,10;; true;
9,22;9,21;9,20;9,19;9,18;10,18;11,18;11,17;11,16;11,15;11,14;11,13;12,13;12,12;12,11;12,10;12,9;12,8;11,8;11,8;;11,9;11,10;11,10;; true;
8,21;8,20;8,19;8,18;8,17;8,16;9,16;10,16;11,16;11,15;11,14;11,13;12,13;12,12;12,11;12,10;12,9;12,10;12,10;; true;
8,21;8,20;8,19;8,18;8,17;8,16;9,16;9,15;10,15;10,14;11,14;11,13;12,13;12,12;12,11;12,10;12,10;; true;
8,21;8,20;8,19;8,18;8,17;8,16;8,15;8,14;8,13;9,13;10,13;11,13;12,13;12,12;12,11;12,10;12,10;; true;
8,21;8,20;8,19;8,18;9,18;9,17;10,17;10,16;10,15;11,15;11,14;11,13;12,13;12,12;12,11;12,10;12,10;; true;
9,22;9,21;9,20;9,19;9,18;9,17;10,17;10,16;10,15;10,14;11,14;11,13;12,13;12,12;12,11;12,10;12,9;11,9;10,9;9,9;8,9;7,9;6,9;5,9;4,9;3,9;2,9;2,8;2,7;2,6;2,5;2,4;2,3;2,2;2,2;; true;
9,22;9,21;9,20;9,19;9,18;9,17;9,16;10,16;10,15;11,15;11,14;11,13;12,13;12,12;12,11;12,10;13,10;13,9;12,9;13,9;13,10;12,10;12,10;; true;
8,21;8,20;8,19;8,18;8,17;8,16;8,15;8,15;9,15;10,15;11,15;12,15;12,14;12,13;12,12;12,11;12,10;12,10;12,10;; true;
8,21;8,20;8,19;8,18;8,17;8,16;9,16;10,16;11,16;12,16;12,15;12,14;12,13;12,12;12,11;12,10;12,9;12,8;13,8;14,8;14,8;; false;
8,21;8,20;8,19;8,18;8,17;8,16;9,16;10,16;11,16;11,15;11,14;11,13;12,13;12,12;12,11;12,10;12,10;; true;
9,22;9,21;9,20;9,19;9,18;9,17;9,16;9,15;9,14;9,13;10,13;11,13;12,13;12,12;12,11;12,10;12,9;12,8;12,7;12,6;12,5;12,4;12,3;12,2;12,1;11,1;10,1;9,1;8,1;8,1;;8,2;8,3;8,4;8,5;8,6;8,7;8,8;8,9;9,9;9,9;10,9;11,9;11,10;11,10;; true;
8,21;8,20;8,19;8,18;8,17;8,16;8,15;8,14;9,14;10,14;11,14;11,13;12,13;12,12;12,11;12,10;12,10;; true;
9,22;10,22;11,22;11,21;11,20;11,19;11,18;11,17;11,16;11,15;11,14;12,14;12,13;12,12;12,11;12,10;12,10;; true;
8,21;8,20;8,19;8,18;9,18;10,18;10,17;10,16;10,15;11,15;11,14;11,13;12,13;12,12;12,11;12,10;12,10;; true;
8,21;8,20;8,19;8,18;8,17;8,16;8,15;9,15;10,15;11,15;12,15;12,14;12,13;12,12;12,11;12,10;12,10;; true;
8,21;8,20;7,20;6,20;6,19;7,19;8,19;9,19;10,19;10,18;10,17;10,16;10,15;10,14;11,14;12,14;12,13;12,12;12,11;12,10;12,10;; true;
8,21;8,20;8,19;8,18;8,17;8,16;8,15;8,14;8,13;9,13;10,13;11,13;12,13;12,12;12,11;12,10;12,9;12,8;11,8;11,9;10,9;11,9;11,9;;12,9;12,10;12,9;11,9;11,9;; false;
8,21;8,20;8,19;8,18;8,17;9,17;10,17;11,17;11,17;11,16;11,15;11,14;12,14;12,13;12,12;12,11;12,10;12,10;12,10;; true;
8,21;8,20;8,19;8,18;8,17;8,16;9,16;10,16;11,16;11,15;11,14;11,13;12,13;12,12;12,11;12,10;12,10;; true;
